<svg version="1.1" id="Layer_1" xmlns="http://www.w3.org/2000/svg" xmlns:xlink="http://www.w3.org/1999/xlink" x="0px" y="0px"
	 width="100%" viewBox="0 0 496 496" enable-background="new 0 0 496 496" xml:space="preserve">
<path fill="#000000" opacity="1.000000" stroke="none" 
	d="
M97.985443,287.543060 
	C98.120621,321.139435 98.161148,354.291901 98.199493,387.444336 
	C98.207802,394.627197 98.204208,394.641602 105.225273,394.641785 
	C202.353531,394.644440 299.481781,394.644104 396.610046,394.639465 
	C403.737396,394.639099 403.747803,394.620911 403.749573,387.607544 
	C403.757751,355.620178 403.753723,323.632843 403.768951,291.645477 
	C403.771790,285.688904 406.319550,283.879730 412.192444,285.348389 
	C414.510956,285.928192 414.317474,287.589630 414.323700,289.226044 
	C414.352905,296.889587 414.347107,304.553253 414.347443,312.216888 
	C414.348724,341.205414 414.248993,370.194641 414.444641,399.181824 
	C414.477081,403.986237 413.039673,405.413513 408.230591,405.407959 
	C303.438812,405.286896 198.646805,405.274384 93.855133,405.427338 
	C88.520744,405.435120 87.542419,403.515503 87.563751,398.750092 
	C87.724083,362.931641 87.633408,327.112091 87.700668,291.293030 
	C87.704391,289.310760 86.545380,286.368195 89.270493,285.602234 
	C92.126099,284.799622 95.524101,283.797119 97.985443,287.543060 
z"/>
<path fill="#000000" opacity="1.000000" stroke="none" 
	d="
M162.000061,77.683548 
	C243.981049,77.684921 325.462006,77.685852 406.942993,77.689407 
	C414.328583,77.689735 414.343353,77.697556 414.344940,85.012199 
	C414.351074,113.505547 414.262695,141.999390 414.433289,170.491714 
	C414.460327,175.005310 413.211517,176.646698 408.536713,176.483063 
	C404.223083,176.332077 403.726379,174.165817 403.737061,170.740738 
	C403.800568,150.412369 403.766754,130.083694 403.765961,109.755112 
	C403.765778,104.256416 403.618927,98.752327 403.819458,93.260941 
	C403.951416,89.647804 402.749786,88.186996 398.962402,88.286415 
	C390.636749,88.504967 382.301483,88.358421 373.970123,88.358658 
	C284.491028,88.361153 195.011932,88.363022 105.532845,88.365715 
	C98.206314,88.365936 98.197731,88.368172 98.195427,95.735435 
	C98.187737,120.396324 98.196205,145.057220 98.176811,169.718109 
	C98.171669,176.250992 97.599327,176.558014 91.499046,176.413589 
	C87.334961,176.314972 87.651031,173.725357 87.651329,171.013351 
	C87.653877,148.185349 87.651016,125.357353 87.650536,102.529350 
	C87.650398,96.030869 87.858101,89.523598 87.580147,83.037079 
	C87.401619,78.870857 88.917549,77.590111 93.017418,77.616852 
	C115.844139,77.765747 138.672363,77.685623 162.000061,77.683548 
z"/>
<path fill="#000000" opacity="1.000000" stroke="none" 
	d="
M439.200928,254.802643 
	C440.520142,256.893250 442.614441,258.016052 443.205658,260.678802 
	C439.100952,261.964417 435.787598,261.829437 432.772614,258.065430 
	C427.570068,251.570267 421.758087,245.558762 416.639526,239.002609 
	C413.748535,235.299713 410.523315,234.118347 405.962067,234.231110 
	C394.349976,234.518143 394.345520,234.328812 394.335815,245.910004 
	C394.332733,249.574356 394.333832,253.238739 394.321991,256.903076 
	C394.314697,259.158478 394.307495,261.287048 391.054718,261.296112 
	C387.867737,261.305023 387.680298,259.281738 387.678894,256.970062 
	C387.670349,242.812302 387.662384,228.654556 387.655426,214.496796 
	C387.648346,200.052734 387.649139,200.009537 402.085205,200.068893 
	C409.407013,200.098999 416.759247,199.940186 424.042023,200.541473 
	C434.354523,201.392883 440.170837,207.381729 440.441772,216.517517 
	C440.729767,226.229111 435.129669,232.562546 424.674103,234.365021 
	C424.206024,234.445709 423.755005,234.625412 422.385376,235.024017 
	C428.110931,241.751282 433.547058,248.138458 439.200928,254.802643 
M433.452179,219.718124 
	C433.954254,212.539185 430.538910,207.586319 424.378967,207.402115 
	C415.562256,207.138443 406.731750,207.360199 397.907471,207.312073 
	C395.382233,207.298309 394.285248,208.386307 394.331726,210.918854 
	C394.408112,215.079987 394.490784,219.250168 394.300720,223.404160 
	C394.147858,226.744781 395.594727,227.740875 398.752197,227.681992 
	C406.408661,227.539215 414.069824,227.666336 421.728851,227.634521 
	C427.013611,227.612564 431.081696,225.573120 433.452179,219.718124 
z"/>
<path fill="#000000" opacity="1.000000" stroke="none" 
	d="
M299.002533,211.886353 
	C282.833801,201.614044 264.166870,210.149048 261.505219,228.688843 
	C260.343536,236.780518 265.283142,246.706619 272.920410,251.071655 
	C281.281586,255.850403 289.707428,255.934753 297.926880,250.637451 
	C300.491852,248.984390 302.084229,237.733810 300.200409,235.369553 
	C299.236450,234.159760 297.817322,234.353516 296.504150,234.343292 
	C292.340393,234.310867 288.176208,234.283752 284.012604,234.313278 
	C281.710815,234.329605 280.112640,233.679489 280.051605,231.004745 
	C279.989258,228.272400 281.603607,227.658829 283.907135,227.667267 
	C290.569305,227.691650 297.233948,227.773392 303.892914,227.623215 
	C307.514313,227.541550 307.949310,229.747818 307.953094,232.464249 
	C307.964264,240.458832 308.000122,248.453964 307.912750,256.447632 
	C307.892181,258.327393 308.316772,260.747925 305.518494,261.221130 
	C303.059143,261.636993 300.795868,261.325928 300.230408,257.817169 
	C290.502930,262.036255 280.982635,262.936615 271.533569,258.207062 
	C264.703003,254.788162 259.898743,249.426163 256.924377,242.414673 
	C251.272751,229.091919 256.414062,212.826218 268.699921,205.115646 
	C280.838043,197.497772 297.115356,199.352829 306.332397,209.567642 
	C304.833893,212.723770 303.087799,215.017441 299.002533,211.886353 
z"/>
<path fill="#000000" opacity="1.000000" stroke="none" 
	d="
M339.009491,200.054367 
	C349.500916,200.061646 359.494507,200.030777 369.487305,200.103561 
	C371.927216,200.121323 374.817902,199.826233 374.932251,203.579361 
	C375.058929,207.735931 372.014191,207.290558 369.361847,207.294144 
	C357.369873,207.310349 345.375763,207.428818 333.387146,207.227936 
	C329.412567,207.161316 327.991943,208.564484 328.284210,212.450348 
	C328.533325,215.762787 328.583740,219.131531 328.277527,222.434143 
	C327.875061,226.774811 329.807587,227.857803 333.789276,227.710297 
	C340.442200,227.463852 347.111237,227.632584 353.773346,227.662354 
	C355.943237,227.672058 358.207916,227.447861 358.285217,230.777771 
	C358.366364,234.272903 356.174744,234.356644 353.665009,234.345276 
	C346.669861,234.313538 339.672394,234.434814 332.680084,234.290634 
	C329.460297,234.224243 328.145264,235.409698 328.295593,238.667908 
	C328.471985,242.490387 328.492767,246.336395 328.281586,250.155655 
	C328.085052,253.710724 329.606995,254.761185 332.994598,254.723343 
	C345.151642,254.587509 357.311188,254.643509 369.469543,254.692123 
	C371.841278,254.701614 374.862518,253.989059 374.872711,257.963715 
	C374.882660,261.846588 372.000122,261.343079 369.539612,261.345215 
	C355.382416,261.357544 341.223694,261.226868 327.069031,261.414917 
	C322.971222,261.469360 321.543610,260.144928 321.585632,255.998108 
	C321.757751,239.011230 321.776367,222.020065 321.563202,205.034088 
	C321.514099,201.124069 323.179993,200.086700 326.520355,200.101944 
	C330.517212,200.120178 334.514343,200.073135 339.009491,200.054367 
z"/>
<path fill="#000000" opacity="1.000000" stroke="none" 
	d="
M54.263435,202.649445 
	C54.319092,209.907043 54.425224,216.739960 54.307671,223.569000 
	C54.255573,226.595901 55.435951,227.698593 58.432606,227.671066 
	C68.928787,227.574646 79.426819,227.600494 89.923393,227.679794 
	C92.719223,227.700897 93.791306,226.521088 93.757065,223.785339 
	C93.677864,217.454865 93.822968,211.121246 93.717758,204.791550 
	C93.669876,201.910706 94.621300,200.478745 97.704163,200.490585 
	C100.951645,200.503082 101.008736,202.604263 101.010094,204.877197 
	C101.020477,222.205750 101.015068,239.534317 101.040024,256.862854 
	C101.043831,259.505798 100.518166,261.414612 97.201485,261.333710 
	C94.090759,261.257782 93.769814,259.345184 93.770065,256.987030 
	C93.770714,250.988693 93.639931,244.987244 93.797585,238.993240 
	C93.886322,235.619766 92.758827,234.203873 89.206276,234.264191 
	C79.045158,234.436661 68.878693,234.414139 58.716057,234.306320 
	C55.534740,234.272583 54.206730,235.360825 54.295963,238.656067 
	C54.462780,244.816360 54.312611,250.984756 54.339695,257.149567 
	C54.350334,259.571411 53.974098,261.400177 50.843018,261.325104 
	C47.977585,261.256378 47.668949,259.525848 47.669144,257.347137 
	C47.670742,239.518707 47.659073,221.690262 47.677589,203.861847 
	C47.678921,202.579636 47.421963,200.983429 49.225933,200.626892 
	C51.125843,200.251434 53.273815,199.469177 54.263435,202.649445 
z"/>
<path fill="#000000" opacity="1.000000" stroke="none" 
	d="
M225.630768,225.452072 
	C230.667007,237.219208 235.546997,248.639954 240.522446,260.284088 
	C235.690872,262.313477 233.267502,261.229279 231.510406,256.857086 
	C228.132355,248.451370 230.216202,249.359055 220.083130,249.287628 
	C215.090729,249.252441 210.054871,249.693878 205.116150,249.177933 
	C199.044312,248.543625 195.274078,250.362366 193.862045,256.585541 
	C192.848267,261.053436 189.856827,262.287811 185.634537,260.858368 
	C184.997360,258.949615 186.006592,257.513428 186.634949,256.036377 
	C193.926727,238.895950 201.244598,221.766602 208.561356,204.636780 
	C209.397644,202.678864 209.896683,200.449600 212.813690,200.511612 
	C215.491409,200.568542 215.922272,202.684326 216.685120,204.450043 
	C219.652740,211.318924 222.550690,218.217911 225.630768,225.452072 
M221.097702,232.281662 
	C218.470200,226.133881 215.842712,219.986084 212.656540,212.531128 
	C208.151718,223.151413 204.243637,232.364853 200.246948,241.787201 
	C208.785416,241.787201 216.601715,241.787201 224.560135,241.787201 
	C224.132782,238.280167 222.418259,235.752563 221.097702,232.281662 
z"/>
<path fill="#000000" opacity="1.000000" stroke="none" 
	d="
M152.482040,218.511414 
	C155.634796,213.376389 158.735413,208.629517 161.501877,203.695312 
	C163.686371,199.799133 166.566895,199.484909 170.186172,200.969315 
	C170.695969,203.098816 169.307251,204.305618 168.489197,205.659271 
	C163.839264,213.353943 159.471512,221.252762 154.327881,228.606567 
	C148.404358,237.075378 144.557434,245.849609 146.048294,256.438416 
	C146.413895,259.035034 146.000656,261.568298 142.221420,261.327606 
	C140.248398,261.201935 139.049713,260.505341 138.938263,258.428070 
	C138.893677,257.597015 138.725937,256.739258 138.864395,255.936813 
	C140.674484,245.447220 136.222290,236.972534 130.643555,228.620224 
	C125.099716,220.320129 120.141685,211.628510 114.947716,203.095825 
	C114.701233,202.690903 114.657944,202.162292 114.436661,201.406509 
	C118.270622,199.222244 121.069832,199.833298 123.417908,203.749954 
	C129.482910,213.866531 135.722015,223.878738 142.421158,234.795578 
	C145.954300,229.073303 149.120041,223.946030 152.482040,218.511414 
z"/>
</svg>